154822 154824 154827 110460 17161 113007 61268 57071 92469 2303 60698 45456 42234 8820 117750 32787 29332 33696 79016
154822 154824 154827 32106 24730 30990 113106 27059 92308 49269 110600 6854 13224 69090 31660 85012 83775 98979 2683
154822 154824 154827 48034 79260 37798 54524 61587 70448 1527 49865 119217 65232 34516 61299 74810
154822 154824 154827 118415 64000 85657 45923 55702 32430 52275 118060 75287 95771 85999 41626 107956 68628 90392
154822 154824 154827 91430 104055 38904 64949 60785 53399 111880 111589 16560 50935 72227 73704 65285 72257 60866 57838 33922
154822 154824 154827 79745 29496 39429 80321 35034 105931 4573 102443 55972 102942 64169 57471 29140 10132
154822 154824 154827 96888 110160 13027 91089 66000 74912 4397 61879 57596 37951 19109 75099 77610
154822 154824 154827 66079 31929 73809 42712 3219 43623 58420 47844 2458 84199 100869 114714 51947
154822 154824 154827 21203 12736 5979 15687 66172 1206 36096 98712 31751 68071 17159 86783
154822 154824 154827 19607 36748 72756 57785 14866 64442 109309 55130 110420 27805 8368 106565 50427
154822 154824 154827 28314 36843 34485 51324 31806 87131 95520 102657 64165 98922 21504 75802 23669
154822 154824 154827 67159 39640 6422 77360 93233 50402 11622 67256 46173 73174 20971 74184 116953
154822 154824 154827 117341 38178 57120 51293 31111 89894 71885 7792 34985 112535 39052 75193 53904 31650 40165 89207 95665
154822 154824 154827 63129 27267 25908 11050 100244 15362 116177 85853 42620 4942 80380 58507 36221
154822 154824 154827 87213 53524 33211 93034 69367 82157 67655 17583 99906 12107 103793 101027
154822 154824 154827 81399 81413 116923 111096 117044 13329 108688 93263 92044 6799 24060 53205 75915 99581 61898
154822 154824 154827 115083 99122 9021 119325 7908 59239 21178 7178 51338 75878 35024 15056 105770 29072
154822 154824 154827 7042 11570 73815 100625 92608 55632 81983 95207 58646 68788 69177 102809
154822 154824 154827 50229 68385 112502 10177 117209 38297 94203 88091 6615 18160 75438 99928 41810 26610 113318
154822 154824 154827 74736 77644 16070 15778 62706 86052 114529 108010 42366 99147 93645 8755
154822 154824 154827 91566 34706 91155 109954 57517 97521 43188 90932 111750 107140 48052 57540
154822 154824 154827 79578 81370 111936 46766 72286 87040 73971 31067 15540 93326 48227 49206 60499
154822 154824 154827 29874 113494 106861 65440 90710 117360 22529 102483 98497 36696 113588 20432 26722
154822 154824 154827 71239 49277 95564 87896 89781 118947 36057 8633 7725 102455 44093 79902 48457 78357 39062 86752 91083
154822 154824 154827 86621 77416 60916 77735 60737 55664 113045 13492 57747 73324 57924 87010 107876 19285 27403 85065
154822 154824 154827 99268 77220 7587 54706 104634 15474 16186 57622 11286 23412 4284 116159 64074
154822 154824 154827 3658 40534 21940 85930 63822 25442 43336 24518 105458 101120 53971 50175
154822 154824 154827 117747 16992 74802 98155 65246 33542 51924 108103 112527 65494 65577 10433 101134
154822 154824 154827 63815 38468 66602 27878 117435 107769 56473 82217 30938 43703 95525 57458 7299
154822 154824 154827 4564 26685 57601 59704 94041 43932 56633 60705 115331 5006 24090 118591
154822 154824 154827 30805 9675 118935 49324 50900 105712 18829 114682 78826 85552 54741 54258 72563
154822 154824 154827 83881 67602 71847 23186 23924 39174 7416 106428 42378 82274 106875 5900 85621
